Getting First Round Key Relations
00000400	04(0) 05(0) 06(f) 07(0) 08(3) 09(3) 10(a) 11(2) 12(0) 13(0) 14(8) 15(9) 
00000800	04(8) 05(4) 06(5) 07(d) 08(a) 09(b) 10(8) 11(a) 12(a) 13(9) 14(2) 15(0) 
00001000	04(f) 05(1) 06(4) 07(9) 08(5) 09(4) 10(8) 11(a) 12(a) 13(a) 14(9) 15(5) 
00002000	04(8) 05(c) 06(4) 07(9) 08(a) 09(3) 10(8) 11(a) 12(1) 13(c) 14(9) 15(5) 
00004000	04(8) 05(8) 06(c) 07(9) 08(8) 09(6) 10(8) 11(a) 12(3) 13(4) 14(6) 15(e) 
00008000	04(7) 05(8) 06(6) 07(9) 08(1) 09(1) 10(2) 11(a) 12(c) 13(e) 14(9) 15(6) 
00010000	04(4) 05(8) 06(6) 07(6) 08(4) 09(1) 10(6) 11(a) 12(c) 13(e) 14(9) 15(7) 
00020000	04(c) 05(2) 06(0) 07(9) 08(4) 09(1) 10(6) 11(1) 12(c) 13(e) 14(2) 15(c) 
00040000	04(4) 05(1) 06(4) 07(9) 08(3) 09(4) 10(9) 11(a) 12(c) 13(e) 14(6) 15(f) 
00080000	04(7) 05(6) 06(6) 07(d) 08(1) 09(2) 10(9) 11(a) 12(e) 13(e) 14(6) 15(f) 
00100000	04(4) 05(6) 06(6) 07(d) 08(1) 09(2) 10(f) 11(a) 12(e) 13(5) 14(6) 15(f) 
00200000	04(4) 05(2) 06(6) 07(7) 08(1) 09(9) 10(a) 11(1) 12(e) 13(d) 14(e) 15(f) 
00400000	04(4) 05(6) 06(6) 07(7) 08(8) 09(9) 10(a) 11(3) 12(c) 13(d) 14(e) 15(f) 
